4294967294,0
4294967279,140
4294967279,17
4294967279,16
4294967279,15
4294967279,285
4294967279,308
4294967279,14
4294967279,13
4294967279,271
4294967279,266
4294967279,277
4294967279,12
4294967279,304
4294967279,10
4294967294,43
4294967279,305
4294967279,273
4294967279,259
4294967279,531
4294967279,303
4294967279,274
4294967279,255
4294967279,281
4294967279,253
4294967278,258
4294967279,565
4294967278,257
4294967279,564
4294967278,369
4294967279,563
4294967278,256
4294967279,562
4294967278,368
4294967278,367
4294967279,561
4294967278,255
4294967279,560
4294967278,366
4294967279,559
4294967278,359
4294967279,558
4294967278,365
4294967278,346
4294967278,0
4294967294,52
4294967278,253
4294967278,251
4294967278,248
4294967279,557
4294967279,539
4294967279,0
4294967278,247
4294967278,245
4294967278,243
4294967294,83
4294967278,241
4294967278,239
4294967278,237
4294967278,236
4294967294,88
4294967278,235
4294967278,232
4294967294,92
4294967294,5
4294967278,231
4294967294,7
4294967278,229
4294967278,227
4294967294,61
4294967294,470
4294967294,1018
4294967294,1415
4294967294,11
4294967278,132
4294967278,131
4294967278,130
4294967278,129
4294967278,128
4294967278,127
4294967278,126
4294967278,125
4294967278,124
4294967278,123
4294967278,122
4294967278,121
4294967278,120
4294967278,119
4294967278,118
4294967278,117
4294967278,116
4294967278,115
4294967278,114
4294967278,113
4294967278,112
4294967278,111
4294967278,110
4294967278,109
4294967278,108
4294967278,107
4294967278,105
4294967278,104
4294967278,103
4294967278,102
4294967278,101
4294967278,100
4294967278,99
4294967278,337
4294967278,98
4294967278,336
4294967278,97
4294967278,96
4294967278,356
4294967278,95
4294967278,94
4294967278,93
4294967278,92
4294967278,91
4294967278,355
4294967278,90
4294967278,89
4294967278,87
4294967278,86
4294967278,85
4294967278,84
4294967278,332
4294967278,83
4294967278,331
4294967278,82
4294967278,81
4294967278,352
4294967278,80
4294967278,79
4294967278,78
4294967278,77
4294967278,76
4294967278,351
4294967278,75
4294967278,74
4294967278,73
4294967278,72
4294967278,71
4294967278,70
4294967278,69
4294967278,68
4294967278,67
4294967278,305
4294967278,66
4294967278,65
4294967278,64
4294967278,63
4294967278,62
4294967278,349
4294967278,61
4294967278,60
4294967278,59
4294967278,58
4294967278,57
4294967278,56
4294967278,55
4294967278,54
4294967279,67
4294967279,63
4294967279,62
4294967279,296
4294967279,59
4294967279,57
4294967279,55
4294967279,52
4294967279,47
4294967279,46
4294967279,43
4294967279,512
4294967279,41
4294967279,39
4294967279,37
4294967279,288
4294967279,36
4294967279,287
4294967279,314
4294967279,30
4294967279,29
4294967279,27
4294967279,26
4294967279,22
4294967279,20
4294967279,18
4294967279,11
4294967279,9
4294967279,8
4294967279,7
4294967279,6
4294967279,5
4294967279,4
4294967278,224
4294967278,106
4294967278,223
2,2
2,4
4294967278,220
4294967278,216
4294967294,6
4294967294,22
4294967294,17
4294967294,42
4294967294,30
0,5
4294967278,213
4294967294,1416
4294967294,416
4294967294,51
4294967294,50
4294967294,471
4294967294,12
4294967294,25
4294967294,26
4294967294,93
4294967294,95
4294967294,67
4294967294,1097
4294967294,81
4294967294,68
4294967278,364
4294967279,556
4294967294,436
4294967279,555
34,5
34,4
34,3
34,2
34,1
4294967278,363
4294967279,554
4294967279,553
32,5
32,4
32,3
32,2
32,1
4294967279,552
4294967278,362
4294967279,551
30,6
4294967278,361
30,5
30,4
30,3
30,2
30,1
29,5
29,4
29,3
29,2
29,1
4294967278,360
28,5
28,4
28,3
28,2
28,1
27,5
27,4
27,3
27,2
27,1
4294967279,532
4294967293,131
4294967293,130
4294967293,129
4294967293,128
4294967293,127
4294967293,126
4294967293,125
4294967293,124
4294967293,123
4294967293,122
4294967293,121
4294967293,120
4294967293,119
4294967293,118
4294967293,117
4294967293,116
4294967293,115
4294967293,114
4294967293,113
4294967293,112
4294967293,111
4294967293,110
4294967293,109
4294967293,108
4294967293,107
4294967293,106
4294967293,105
4294967293,104
4294967293,103
4294967293,102
4294967293,101
4294967293,100
4294967293,99
4294967293,98
4294967293,97
4294967293,96
4294967293,95
4294967293,94
4294967293,93
4294967293,92
4294967293,91
4294967293,90
4294967293,89
4294967293,88
